9781785304705
9781785306433
9780593534328
9781838663148
9789606791659
9780847727834
9789605408817
9780593235669
9781837831449
9781682686171
9780593537183
9781682686577
9781682686157
9781584798989
9781607741060
9781984860378
9781607742739
9781607748380
9780399579226
9780811870412
9788895218700
9781579654580
9780789341136
9781632175243
9781607744023
9781984826961
9788830901599
9780714870038
9781958417492
9781452178738
9781579658410
9781452180731
9781524760465
9781607748250
9780399578847
9780307408105
9781910863640
9781909881938
9781844675982
9780860919711
9781859842911
9781844672127
9781784781996
9780143039976